0,387
0,386
0,385
0,384
0,273
0,270
27,4
27,3
27,2
27,1
27,0
0,319
0,318
26,5
0,317
0,316
26,4
26,3
26,2
26,1
26,0
23,35
0,283
25,3
25,2
25,1
25,0
24,3
24,2
0,9
24,1
24,0
3,2
10,161
10,183
10,169
10,117
10,155
10,101
10,2
10,3
11,9
11,13
11,6
11,10
11,4
11,8
11,2
11,3
11,30
11,29
11,28
11,27
11,26
9,5
9,2
9,3
11,25
11,24
11,23
11,22
11,1
8,8
8,7
8,2
8,3
11,21
10,315
10,314
10,313
10,312
10,311
10,310
10,309
10,308
10,307
10,306
10,305
10,304
10,303
10,302
12,2
12,1
10,301
10,300
10,299
10,298
10,297
10,296
10,295
10,294
10,293
10,292
10,291
10,290
10,289
10,288
10,287
10,286
12,3
10,285
10,284
10,283
10,282
10,281
10,280
10,279
10,278
10,277
10,276
10,275
10,274
10,273
10,272
10,271
10,270
10,269
